referrer,views_total,views_unique
github.com,12,4
Google,9,6
jgehrcke.github.io,1,1
overleaf.com,1,1
gehrcke.de,1,1
